52.3197041813 34.6733843512 13.0069114675 
52.2055489302 34.9016948535 12.8927562163 
51.9872270124 35.1200167713 12.8927562163 
52.091393679 35.0158501046 12.8927562163 
52.091393679 35.0158501046 12.8927562163 
52.6866317743 34.6294674814 12.6839007443 
52.7724318601 34.5436673956 12.6839007443 
52.6732255109 34.6428737448 12.6839007443 
52.7787107429 34.5373885127 12.6839007443 
52.7787107429 34.5373885127 12.6839007443 
52.9109858752 34.4051133805 12.6839007443 
52.9306483949 34.6218926597 12.4474589454 
52.9369272777 34.6156137769 12.4474589454 
52.7117020525 34.9565797428 12.3317182046 
52.9556479214 34.8252464865 12.219105592 
53.1934082858 34.5874861222 12.219105592 
53.1707822763 34.8549998765 11.9742178471 
52.9103020158 35.2209653691 11.8687326151 
52.9103020158 35.3367061098 11.7529918743 
53.0756459312 35.1713621945 11.7529918743 
53.0756459312 35.2705685437 11.6537855251 
53.1811311633 35.3834052294 11.4354636073 
53.1811311633 35.3834052294 11.4354636073 
53.1811311633 35.9009316844 10.9179371523 
53.1811311633 36.5037403755 10.3151284613 
53.6156253582 36.1849869213 10.1993877205 
53.7438304864 36.1559881423 10.1001813713 
53.7438304864 36.1559881423 10.1001813713 
53.7622926051 36.1375260236 10.1001813713 
53.7622926051 36.1375260236 10.1001813713 
53.7622926051 36.1375260236 10.1001813713 
53.6340874769 36.2657311518 10.1001813713 
54.6666433235 35.2331753052 10.1001813713 
55.0201444286 34.8796742001 10.1001813713 
55.2640902975 34.6357283311 10.1001813713 
55.1499350464 34.7498835823 10.1001813713 
55.2781401746 34.6216784541 10.1001813713 
55.2781401746 34.7498835823 9.9719762431 
55.4394140859 34.588609671 9.9719762431 
55.4465414664 34.5814822905 9.9719762431 
55.4349673924 34.820467842 9.74456476569 
56.0759930334 34.1794422009 9.74456476569 
56.4129597469 33.9479607194 9.63907953362 
56.2988044958 34.0621159706 9.63907953362 
56.4042897279 33.9566307385 9.63907953362 
56.5881896486 33.7727308178 9.63907953362 
56.6047240401 33.7561964262 9.63907953362 
56.6047240401 33.7561964262 9.63907953362 
56.6047240401 33.8658455491 9.52943041082 
56.8362055216 33.7666391998 9.39715527854 
57.5039539525 33.0988907689 9.39715527854 
57.6196946933 32.9831500282 9.39715527854 
57.3220756456 33.2807690758 9.39715527854 
57.1689401674 33.5393897861 9.29167004647 
57.0547849163 34.2563537283 8.68886135543 
57.1602701484 34.1508684962 8.68886135543 
56.9278983535 34.3832402911 8.68886135543 
56.9278983535 34.3832402911 8.68886135543 
57.2514814302 34.0596572143 8.68886135543 
57.2555514343 34.0555872103 8.68886135543 
57.3610366664 33.9501019782 8.68886135543 
58.2117142061 33.2120370511 8.57624874282 
58.3109205553 33.2254433145 8.4636361302 
58.5714008158 33.1932735563 8.23532562792 
58.2373381573 33.6399488274 8.12271301531 
58.2373381573 33.6399488274 8.12271301531 
58.353078898 33.5242080867 8.12271301531 
58.2373381573 33.6399488274 8.12271301531 
58.353078898 33.5242080867 8.12271301531 
58.4627280208 33.5242080867 8.0130638925 
58.4540580017 33.7480124606 7.79792953763 
58.6637099005 33.5383605619 7.79792953763 
59.0864766998 33.605789841 7.30773345919 
59.0864766998 33.605789841 7.30773345919 
59.0864766998 33.605789841 7.30773345919 
59.214681828 33.5901973254 7.19512084658 
59.462697701 33.3421814524 7.19512084658 
59.7004580654 33.104421088 7.19512084658 
59.9278695428 32.9762159598 7.09591449738 
59.9278695428 32.9762159598 7.09591449738 
59.9278695428 32.9762159598 7.09591449738 
59.9278695428 32.9762159598 7.09591449738 
60.056074671 32.8480108316 7.09591449738 
60.0746306764 32.9420674388 6.98330188476 
60.0746306764 33.0546800514 6.87068927215 
60.2856011405 32.8437095873 6.87068927215 
60.4965716047 32.7609442514 6.74248414395 
60.3869224819 32.9697997234 6.64327779474 
60.4137123821 32.9430098232 6.64327779474 
60.5129187313 32.843803474 6.64327779474 
60.5129187313 32.843803474 6.64327779474 
60.6225678541 32.7341543512 6.64327779474 
60.6225678541 32.7341543512 6.64327779474 
60.6225678541 32.7341543512 6.64327779474 
60.6225678541 32.8333607004 6.54407144553 
60.2669512485 33.188977306 6.54407144553 
60.2669512485 33.188977306 6.54407144553 
60.2582812294 33.1976473251 6.54407144553 
60.8001005212 32.6558280333 6.54407144553 
60.6874879086 32.8780897687 6.43442232273 
60.6874879086 32.8780897687 6.43442232273 
60.7866942578 32.7788834195 6.43442232273 
60.885900607 32.6796770703 6.43442232273 
61.0780344226 32.4875432547 6.43442232273 
61.247448342 32.3181293353 6.43442232273 
61.3921878617 32.1733898156 6.43442232273 
61.2825387389 32.2830389384 6.43442232273 
61.388023971 32.1775537063 6.43442232273 
60.6147231977 32.9508544796 6.43442232273 
60.6218505782 32.943727099 6.43442232273 
60.8068570132 32.758720664 6.43442232273 
60.8068570132 32.758720664 6.43442232273 
60.8358557922 32.729721885 6.43442232273 
60.8525774487 32.8287409693 6.31868158198 
60.8525774487 32.8287409693 6.31868158198 
61.065939049 32.615379369 6.31868158198 
61.1714242811 32.6091004861 6.21947523278 
61.080887951 32.6996368162 6.21947523278 
61.3785069986 32.4020177686 6.21947523278 
61.4942477393 32.2862770279 6.21947523278 
61.5997329714 32.1807917958 6.21947523278 
60.9174030774 32.8631216898 6.21947523278 
60.9174030774 32.8631216898 6.21947523278 
60.9174030774 32.8631216898 6.21947523278 
60.8032478263 33.0898895536 6.10686262017 
60.7991778222 33.0939595576 6.10686262017 
61.0080332942 32.9905893177 6.0013773881 
61.0080332942 32.9905893177 6.0013773881 
61.5394098124 32.5584191487 5.90217103889 
61.7802275533 32.4217680745 5.79800437223 
61.9681974781 32.2337981497 5.79800437223 
61.9681974781 32.2337981497 5.79800437223 
61.9681974781 32.3464107623 5.68539175961 
61.9681974781 32.3464107623 5.68539175961 
61.9577547045 32.3568535359 5.68539175961 
62.0719099556 32.2426982848 5.68539175961 
62.0719099556 32.2426982848 5.68539175961 
62.0719099556 32.2426982848 5.68539175961 
61.9437048274 32.370903413 5.68539175961 
62.5910093513 31.7235988891 5.68539175961 
62.2933903037 32.0212179367 5.68539175961 
62.2933903037 32.0212179367 5.68539175961 
62.3214987693 31.9931094711 5.68539175961 
62.534518132 31.7800901084 5.68539175961 
62.7949983925 31.5196098479 5.68539175961 
62.7949983925 31.6353505886 5.56965101887 
62.9004836246 31.5298653565 5.56965101887 
63.0059688567 31.4243801245 5.56965101887 
63.0059688567 31.5385353756 5.45549576773 
62.8777637284 31.6667405038 5.45549576773 
62.8777637284 31.7763896266 5.34584664492 
62.8777637284 31.7763896266 5.34584664492 
62.7620229877 31.8921303674 5.34584664492 
62.6338178595 32.0203354956 5.34584664492 
62.6338178595 32.0203354956 5.34584664492 
62.6338178595 32.1329481082 5.23323403231 
62.6338178595 32.2471033593 5.11907878117 
62.2818083573 32.5991128615 5.11907878117 
62.3914574802 32.5886700879 5.01987243196 
62.3975490981 32.58257847 5.01987243196 
62.7721846097 32.2079429583 5.01987243196 
62.656443869 32.3236836991 5.01987243196 
62.656443869 32.4362963117 4.90725981935 
62.641494967 32.4512452136 4.90725981935 
62.3407477913 32.7519923894 4.90725981935 
62.9351105364 32.1576296443 4.90725981935 
62.2940848954 32.7986552853 4.90725981935 
62.5875400522 32.5052001284 4.90725981935 
62.697189175 32.3955510056 4.90725981935 
62.697189175 32.3955510056 4.90725981935 
62.697189175 32.3955510056 4.90725981935 
62.9194509105 32.1732892702 4.90725981935 
62.9194509105 32.1732892702 4.90725981935 
63.1250843677 31.967655813 4.90725981935 
63.1250843677 31.967655813 4.90725981935 
63.0267265162 32.0660136645 4.90725981935 
63.1408817673 31.9518584134 4.90725981935 
63.1408817673 31.9518584134 4.90725981935 
63.2690868955 31.8236532851 4.90725981935 
63.2690868955 31.8236532851 4.90725981935 
63.2611286364 31.8316115443 4.90725981935 
63.1569619697 31.9357782109 4.90725981935 
63.1569619697 32.0483908236 4.79464720674 
63.1569619697 32.0483908236 4.79464720674 
63.0795852032 32.12576759 4.79464720674 
63.0795852032 32.12576759 4.79464720674 
63.335901573 31.8694512203 4.79464720674 
63.335901573 31.8694512203 4.79464720674 
63.335901573 31.8694512203 4.79464720674 
63.335901573 31.8694512203 4.79464720674 
63.2992272615 31.9061255317 4.79464720674 
63.2992272615 31.9061255317 4.79464720674 
63.3055061444 31.8998466489 4.79464720674 
63.3055061444 31.8998466489 4.79464720674 
63.3055061444 31.8998466489 4.79464720674 
63.3055061444 31.8998466489 4.79464720674 
63.1535684925 32.0517843008 4.79464720674 
62.931306757 32.2740460362 4.79464720674 
62.7279337412 32.4774190521 4.79464720674 
62.8420889923 32.363263801 4.79464720674 
62.8420889923 32.363263801 4.79464720674 
62.2010633513 33.004289442 4.79464720674 
61.9935264447 33.3110326978 4.69544085753 
61.7723004719 33.5322586706 4.69544085753 
61.8849130845 33.419646058 4.69544085753 
61.7857067353 33.5188524072 4.69544085753 
61.5738877734 33.8403204918 4.58579173472 
61.590422165 33.8237861003 4.58579173472 
61.590422165 33.8237861003 4.58579173472 
61.2928031174 34.1214051479 4.58579173472 
61.2928031174 34.1214051479 4.58579173472 
61.4085438581 34.0056644072 4.58579173472 
61.1761720632 34.238036202 4.58579173472 
61.2753784124 34.1388298528 4.58579173472 
61.1612231613 34.252985104 4.58579173472 
61.2667083934 34.1474998719 4.58579173472 
61.379321006 34.0348872593 4.58579173472 
61.2751543393 34.139053926 4.58579173472 
61.037393975 34.3768142903 4.58579173472 
60.9319087429 34.5980402631 4.47005099398 
60.3094375322 35.2205114738 4.47005099398 
60.3094375322 35.2205114738 4.47005099398 
60.1952822811 35.334666725 4.47005099398 
60.1952822811 35.334666725 4.47005099398 
60.1923187912 35.4472793376 4.36040187118 
60.1923187912 35.4472793376 4.36040187118 
59.855258191 35.7843399378 4.36040187118 
59.855258191 35.7843399378 4.36040187118 
59.855258191 35.7843399378 4.36040187118 
59.8708507066 35.7687474222 4.36040187118 
59.9804998294 35.6590982994 4.36040187118 
59.9804998294 35.6590982994 4.36040187118 
59.9804998294 35.6590982994 4.36040187118 
59.9804998294 35.6590982994 4.36040187118 
59.8708507066 35.7687474222 4.36040187118 
59.9750173733 35.7700659876 4.25491663911 
59.9750173733 35.7700659876 4.25491663911 
59.8653682505 35.8797151104 4.25491663911 
59.8653682505 35.992327723 4.1423040265 
59.3751721721 36.4825238015 4.1423040265 
59.3751721721 36.4825238015 4.1423040265 
59.133247917 36.7244480565 4.1423040265 
59.2655230492 36.5921729243 4.1423040265 
59.1663167 36.6913792735 4.1423040265 
59.0537040874 36.8039918861 4.1423040265 
59.0537040874 36.8039918861 4.1423040265 
59.0465767069 36.8111192666 4.1423040265 
59.0465767069 36.8111192666 4.1423040265 
59.0465767069 36.8111192666 4.1423040265 
58.8198088431 37.0378871304 4.1423040265 
58.7071962305 37.150499743 4.1423040265 
58.4591803575 37.398515616 4.1423040265 
58.5749210982 37.2827748753 4.1423040265 
58.5749210982 37.2827748753 4.1423040265 
58.4732302346 37.3844657389 4.1423040265 
58.7862523732 37.0714436003 4.1423040265 
58.7862523732 37.0714436003 4.1423040265 
58.7862523732 37.0714436003 4.1423040265 
58.7862523732 37.0714436003 4.1423040265 
58.7862523732 37.1756102669 4.03813735983 
58.7862523732 37.1756102669 4.03813735983 
58.895901496 37.0659611441 4.03813735983 
58.895901496 37.1785737567 3.92552474722 
58.7832888834 37.2911863693 3.92552474722 
58.7832888834 37.2911863693 3.92552474722 
58.7832888834 37.2911863693 3.92552474722 
58.449450298 37.6250249548 3.92552474722 
58.449450298 37.6250249548 3.92552474722 
58.449450298 37.6250249548 3.92552474722 
58.449450298 37.6250249548 3.92552474722 
57.808424657 38.2660505958 3.92552474722 
57.6942694058 38.3802058469 3.92552474722 
57.5785286651 38.4959465877 3.92552474722 
57.5785286651 38.7158539951 3.70561733981 
57.5785286651 38.7158539951 3.70561733981 
57.5785286651 38.7158539951 3.70561733981 
57.4627879244 38.8315947358 3.70561733981 
57.4627879244 38.9412438586 3.595968217 
57.3635815752 39.0404502078 3.595968217 
57.3635815752 39.0404502078 3.595968217 
57.4677482418 39.045932664 3.4863190942 
57.4677482418 39.045932664 3.4863190942 
57.3622630098 39.151417896 3.4863190942 
57.2340578816 39.3922356369 3.37370648158 
57.2340578816 39.3922356369 3.37370648158 
57.2298939908 39.3963995276 3.37370648158 
57.2238023729 39.5066578122 3.26953981492 
57.2238023729 39.5066578122 3.26953981492 
57.4842826334 39.2461775517 3.26953981492 
57.3787974013 39.3516627838 3.26953981492 
57.3787974013 39.450869133 3.17033346571 
57.2746307346 39.5550357997 3.17033346571 
57.3787974013 39.450869133 3.17033346571 
57.2505922731 39.5790742612 3.17033346571 
57.3632048857 39.4664616486 3.17033346571 
57.3632048857 39.4664616486 3.17033346571 
57.3632048857 39.4664616486 3.17033346571 
57.3632048857 39.4664616486 3.17033346571 
56.8730088073 39.956657727 3.17033346571 
56.7603961947 40.0692703396 3.17033346571 
